-01 -01 -01 -01 -01 -01 -01 -01 -01 -01 -01 -01 -01 -01 -01 -01 -01 -01 -01 -01 -01 -01 -01 -01 -01 -01 -01 -01 
-01 000 001 002 003 004 005 006 007 008 009 010 011 -01 -01 012 013 014 015 016 017 018 019 020 021 022 023 -01                                                                          
-01 024 -01 -01 -01 -01 025 -01 -01 -01 -01 -01 026 -01 -01 027 -01 -01 -01 -01 -01 028 -01 -01 -01 -01 029 -01                                                                            
-01 030 -01 -01 -01 -01 031 -01 -01 -01 -01 -01 032 -01 -01 033 -01 -01 -01 -01 -01 034 -01 -01 -01 -01 035 -01                                                                             
-01 036 -01 -01 -01 -01 037 -01 -01 -01 -01 -01 038 -01 -01 039 -01 -01 -01 -01 -01 040 -01 -01 -01 -01 041 -01                                                                             
-01 042 043 044 045 046 047 048 049 050 051 052 053 054 055 056 057 058 059 060 061 062 063 064 065 066 067 -01                                                                             
-01 068 -01 -01 -01 -01 069 -01 -01 070 -01 -01 -01 -01 -01 -01 -01 -01 071 -01 -01 072 -01 -01 -01 -01 073 -01                                                                             
-01 074 -01 -01 -01 -01 075 -01 -01 076 -01 -01 -01 -01 -01 -01 -01 -01 077 -01 -01 078 -01 -01 -01 -01 079 -01                                                                             
-01 080 081 082 083 084 085 -01 -01 086 087 088 089 -01 -01 090 091 092 093 -01 -01 094 095 096 097 098 099 -01                                                                             
-01 -01 -01 -01 -01 -01 100 -01 -01 -01 -01 -01 101 -01 -01 102 -01 -01 -01 -01 -01 103 -01 -01 -01 -01 -01 -01                                                                              
-01 -01 -01 -01 -01 -01 104 -01 -01 -01 -01 -01 105 -01 -01 106 -01 -01 -01 -01 -01 107 -01 -01 -01 -01 -01 -01                                                                             
-01 -01 -01 -01 -01 -01 108 -01 -01 109 110 111 112 113 114 115 116 117 118 -01 -01 119 -01 -01 -01 -01 -01 -01                                                                             
-01 -01 -01 -01 -01 -01 120 -01 -01 121 -01 -01 -01 310 311 -01 -01 -01 122 -01 -01 123 -01 -01 -01 -01 -01 -01
-01 -01 -01 -01 -01 -01 124 -01 -01 125 -01 312 313 314 315 316 317 -01 126 -01 -01 127 -01 -01 -01 -01 -01 -01
128 129 130 131 132 133 134 135 136 137 -01 318 319 320 321 322 323 -01 138 139 140 141 142 143 144 145 146 147
-01 -01 -01 -01 -01 -01 148 -01 -01 149 -01 324 325 326 327 328 329 -01 150 -01 -01 151 -01 -01 -01 -01 -01 -01
-01 -01 -01 -01 -01 -01 152 -01 -01 153 -01 -01 -01 -01 -01 -01 -01 -01 154 -01 -01 155 -01 -01 -01 -01 -01 -01
-01 -01 -01 -01 -01 -01 156 -01 -01 157 158 159 160 161 162 163 164 165 166 -01 -01 167 -01 -01 -01 -01 -01 -01
-01 -01 -01 -01 -01 -01 168 -01 -01 169 -01 -01 -01 -01 -01 -01 -01 -01 170 -01 -01 171 -01 -01 -01 -01 -01 -01
-01 -01 -01 -01 -01 -01 172 -01 -01 173 -01 -01 -01 -01 -01 -01 -01 -01 174 -01 -01 175 -01 -01 -01 -01 -01 -01
-01 176 177 178 179 180 181 182 183 184 185 186 187 -01 -01 188 189 190 191 192 193 194 195 196 197 198 199 -01
-01 200 -01 -01 -01 -01 201 -01 -01 -01 -01 -01 202 -01 -01 203 -01 -01 -01 -01 -01 204 -01 -01 -01 -01 205 -01
-01 206 -01 -01 -01 -01 207 -01 -01 -01 -01 -01 208 -01 -01 209 -01 -01 -01 -01 -01 210 -01 -01 -01 -01 211 -01
-01 212 213 214 -01 -01 215 216 217 218 219 220 221 222 223 224 225 226 227 228 229 230 -01 -01 231 232 233 -01
-01 -01 -01 234 -01 -01 235 -01 -01 236 -01 -01 -01 -01 -01 -01 -01 -01 237 -01 -01 238 -01 -01 239 -01 -01 -01 
-01 -01 -01 240 -01 -01 241 -01 -01 242 -01 -01 -01 -01 -01 -01 -01 -01 243 -01 -01 244 -01 -01 245 -01 -01 -01
-01 246 247 248 249 250 251 -01 -01 252 253 254 255 -01 -01 256 257 258 259 -01 -01 260 261 262 263 264 265 -01
-01 266 -01 -01 -01 -01 -01 -01 -01 -01 -01 -01 267 -01 -01 268 -01 -01 -01 -01 -01 -01 -01 -01 -01 -01 269 -01
-01 270 -01 -01 -01 -01 -01 -01 -01 -01 -01 -01 271 -01 -01 272 -01 -01 -01 -01 -01 -01 -01 -01 -01 -01 273 -01
-01 274 275 276 277 278 279 280 281 282 283 284 285 286 287 288 289 290 301 302 303 304 305 306 307 308 309 -01
-01 -01 -01 -01 -01 -01 -01 -01 -01 -01 -01 -01 -01 -01 -01 -01 -01 -01 -01 -01 -01 -01 -01 -01 -01 -01 -01 -01