-01 -01 -01 -01 -01 -01 -01 -01 -01 -01 -01 -01 -01 -01 -01 -01 -01 -01 -01 -01 -01 -01 -01 -01 -01 -01 -01 -01 
-01 000 001 002 003 004 005 006 007 008 009 010 011 -01 -01 012 013 014 015 016 017 018 019 020 021 022 023 -01                                                                          
-01 024 -01 -01 -01 -01 025 -01 -01 -01 -01 -01 026 -01 -01 027 -01 -01 -01 -01 -01 028 -01 -01 -01 -01 029 -01                                                                            
-01 030 -01 -01 -01 -01 031 -01 -01 -01 -01 -01 032 -01 -01 033 -01 -01 -01 -01 -01 034 -01 -01 -01 -01 035 -01                                                                             
-01 036 -01 -01 -01 -01 037 -01 -01 -01 -01 -01 038 -01 -01 039 -01 -01 -01 -01 -01 040 -01 -01 -01 -01 041 -01                                                                             
-01 042 043 044 045 046 047 048 049 050 051 052 053 054 055 056 057 058 059 060 061 062 063 064 065 066 067 -01                                                                             
-01 068 -01 -01 -01 -01 069 -01 -01 070 -01 -01 -01 -01 -01 -01 -01 -01 071 -01 -01 072 -01 -01 -01 -01 073 -01                                                                             
-01 074 -01 -01 -01 -01 075 -01 -01 076 -01 -01 -01 -01 -01 -01 -01 -01 077 -01 -01 078 -01 -01 -01 -01 079 -01                                                                             
-01 080 081 082 083 084 085 -01 -01 086 087 088 089 -01 -01 090 091 092 093 -01 -01 094 095 096 097 098 099 -01                                                                             
-01 -01 -01 -01 -01 -01 100 -01 -01 -01 -01 -01 101 -01 -01 102 -01 -01 -01 -01 -01 103 -01 -01 -01 -01 -01 -01                                                                              
-01 -01 -01 -01 -01 -01 104 -01 -01 -01 -01 -01 105 -01 -01 106 -01 -01 -01 -01 -01 107 -01 -01 -01 -01 -01 -01                                                                             
-01 -01 -01 -01 -01 -01 108 -01 -01 109 110 111 112 113 114 115 116 117 118 -01 -01 119 -01 -01 -01 -01 -01 -01                                                                             
-01 -01 -01 -01 -01 -01 120 -01 -01 121 -01 -01 -01 122 123 -01 -01 -01 124 -01 -01 125 -01 -01 -01 -01 -01 -01
-01 -01 -01 -01 -01 -01 126 -01 -01 127 -01 128 129 130 131 132 133 -01 134 -01 -01 135 -01 -01 -01 -01 -01 -01
136 137 138 139 140 141 142 143 144 145 -01 146 147 148 149 150 151 -01 152 153 154 155 156 157 158 159 160 161
-01 -01 -01 -01 -01 -01 162 -01 -01 163 -01 164 165 166 167 168 169 -01 170 -01 -01 171 -01 -01 -01 -01 -01 -01
-01 -01 -01 -01 -01 -01 172 -01 -01 173 -01 -01 -01 -01 -01 -01 -01 -01 174 -01 -01 175 -01 -01 -01 -01 -01 -01
-01 -01 -01 -01 -01 -01 176 -01 -01 177 178 178 179 180 181 182 183 184 185 -01 -01 186 -01 -01 -01 -01 -01 -01
-01 -01 -01 -01 -01 -01 187 -01 -01 188 -01 -01 -01 -01 -01 -01 -01 -01 189 -01 -01 190 -01 -01 -01 -01 -01 -01
-01 -01 -01 -01 -01 -01 191 -01 -01 192 -01 -01 -01 -01 -01 -01 -01 -01 193 -01 -01 194 -01 -01 -01 -01 -01 -01
-01 195 196 197 198 199 200 201 202 203 204 205 206 -01 -01 207 208 209 210 211 212 213 214 215 216 217 218 -01
-01 219 -01 -01 -01 -01 220 -01 -01 -01 -01 -01 221 -01 -01 222 -01 -01 -01 -01 -01 223 -01 -01 -01 -01 224 -01
-01 225 -01 -01 -01 -01 226 -01 -01 -01 -01 -01 227 -01 -01 228 -01 -01 -01 -01 -01 229 -01 -01 -01 -01 230 -01
-01 231 232 233 -01 -01 234 235 236 237 238 239 240 241 242 243 244 245 246 247 248 249 -01 -01 250 251 252 -01
-01 -01 -01 253 -01 -01 254 -01 -01 255 -01 -01 -01 -01 -01 -01 -01 -01 256 -01 -01 257 -01 -01 258 -01 -01 -01 
-01 -01 -01 259 -01 -01 260 -01 -01 261 -01 -01 -01 -01 -01 -01 -01 -01 262 -01 -01 263 -01 -01 264 -01 -01 -01
-01 265 266 267 268 269 270 -01 -01 271 272 273 274 -01 -01 275 276 277 278 -01 -01 279 280 281 282 283 284 -01
-01 285 -01 -01 -01 -01 -01 -01 -01 -01 -01 -01 286 -01 -01 287 -01 -01 -01 -01 -01 -01 -01 -01 -01 -01 288 -01
-01 289 -01 -01 -01 -01 -01 -01 -01 -01 -01 -01 290 -01 -01 291 -01 -01 -01 -01 -01 -01 -01 -01 -01 -01 292 -01
-01 293 294 295 296 297 298 299 300 301 302 303 304 305 306 307 308 309 310 311 312 313 314 315 316 317 318 -01
-01 -01 -01 -01 -01 -01 -01 -01 -01 -01 -01 -01 -01 -01 -01 -01 -01 -01 -01 -01 -01 -01 -01 -01 -01 -01 -01 -01